Name: Corysamine chloride
InChIKey: YESPQCLKTIRGLU-UHFFFAOYSA-N
SMILES: Cc1c2[n+](cc3c4c(ccc13)OCO4)CCc1cc3c(cc1-2)OCO3
RETENTIONTIME: 2.93
reference_rt: [2.65]
Spectrum_type: MS2
PrecursorMZ: 334.1075490961688
Formula: C20H16NO4+
ExactMass: 334.1073844120899
Precursor_type: [M]+
Ion_mode: P
Comment: Major_ms1intensity+2016058.5_ei_0.94
Spectrum_entropy: 3.157428
Num peaks: 41
147.06844	3502.8186
183.06822	2424.9194
203.07126	5046.1045
204.08272	5583.966
205.08778	4906.6016
209.1174	2533.49
217.08905	16997.068
218.09698	18450.97
220.07544	12590.849
232.0766	16762.635
233.08362	45616.64
234.09204	12390.367
235.0993	3351.8296
246.09198	29785.723
247.0992	10850.573
248.07123	11482.383
248.1068	22761.602
261.07886	47949.758
262.08652	42059.832
263.0952	32046.71
265.07425	3473.335
274.0881	5474.273
275.09256	9462.171
276.07	4965.8784
276.10223	46274.105
277.1082	2667.6392
278.11777	14674.046
288.0671	5840.501
289.07465	16344.311
290.08185	41580.508
291.08936	69129.06
293.0692	12736.704
304.0972	53557.77
306.11307	149176.83
308.092	15104.762
318.07913	11649.264
319.0847	27317.568
332.0919	29627.32
334.01172	8723.305
334.10767	1240281.0
334.20032	4290.807

Name: O-Desmethyl Galanthamine
InChIKey: OYSGWKOGUVOGFQ-RBOXIYTFSA-N
SMILES: CN1CC[C@@]23C=C[C@H](O)C[C@@H]2Oc2c(O)ccc(c23)C1
RETENTIONTIME: 0.29
reference_rt: [0.614]
Spectrum_type: MS2
PrecursorMZ: 274.14397954882605
Formula: C16H19NO3
ExactMass: 273.136493468
Precursor_type: [M+H]+
Ion_mode: P
Comment: Major_ms1intensity+221760560.0_ei_0.99
Spectrum_entropy: 2.9403117
Num peaks: 66
55.01821	3981169.5
56.049965	194752.25
58.065468	7909630.0
81.0337	146563.5
91.054405	542886.6
93.06995	165743.95
94.06494	115412.21
95.049126	235092.27
103.05446	206887.31
105.070206	252107.75
107.04934	167508.88
115.05426	241754.98
119.08467	112931.94
121.065315	911759.4
123.04441	840400.3
128.06227	2846931.8
129.06982	392073.22
132.08119	557987.8
133.06483	130016.76
133.08891	458801.4
134.09677	212973.81
141.0696	411814.3
143.049	142294.5
143.08586	1410146.5
145.06503	455133.2
147.08095	698782.3
151.09956	524210.06
152.06235	906917.0
153.07004	1620870.1
155.06111	172073.61
155.08525	154003.98
156.05789	204999.84
157.06447	138662.23
161.06001	1442423.9
161.0963	716410.7
165.07011	430600.53
166.07785	629027.44
167.0863	580496.75
171.08043	2824341.0
175.0759	498102.25
178.07805	169393.81
179.08554	1521330.4
181.06496	2918245.8
181.10222	480897.47
182.07304	1580810.8
184.05212	16964348.0
185.05923	141943.44
189.09114	2131852.5
191.08633	195253.98
194.07417	159588.75
197.06134	203067.8
197.09618	2602266.8
198.06679	422105.84
199.07562	32436086.0
207.08066	816929.1
209.07092	864442.2
209.09653	1223641.8
210.06813	816873.4
213.09137	252695.62
217.08623	13004743.0
225.09138	7637335.0
225.11716	214290.03
241.11028	438465.03
243.10187	491429.03
256.13336	4638228.5
274.14404	28863794.0

Name: O-Desmethyl Galanthamine
InChIKey: OYSGWKOGUVOGFQ-RBOXIYTFSA-N
SMILES: CN1CC[C@@]23C=C[C@H](O)C[C@@H]2Oc2c(O)ccc(c23)C1
RETENTIONTIME: 0.5
reference_rt: [0.614]
Spectrum_type: MS2
PrecursorMZ: 274.1440008952595
Formula: C16H19NO3
ExactMass: 273.136493468
Precursor_type: [M+H]+
Ion_mode: P
Comment: isomer_ms1intensity+63573716.0_ei_0.99
Spectrum_entropy: 2.9453309
Num peaks: 66
52.0644	35199.492
53.03904	41803.594
55.018208	1284840.4
56.049824	52689.875
58.06546	2130843.5
91.05432	181399.5
93.070076	61310.113
94.06529	49662.59
95.04879	50079.62
103.054504	36227.57
105.07014	79149.16
107.048775	42613.91
115.05432	60273.754
119.086105	47439.375
121.06544	254988.81
123.04419	221946.56
128.06216	869124.4
129.06987	143208.38
131.04924	64508.594
132.08093	72450.19
133.08916	84490.32
133.10071	45238.848
134.09644	34909.496
141.06989	61000.1
143.0856	356509.5
145.06519	72372.52
147.08061	179945.14
148.05267	41710.047
151.0996	65522.85
152.06201	307957.94
153.06999	470386.38
155.0859	134580.53
156.05716	77668.2
157.06517	74964.97
161.05984	307657.88
161.09622	181270.33
165.07051	143882.16
166.07796	134941.31
167.08557	80612.02
170.07277	44111.242
171.08066	926519.44
173.06024	60985.344
175.07483	86073.68
178.07779	69430.13
179.08525	432219.75
181.06494	909430.56
181.10172	84614.79
182.07347	327552.34
184.05214	4340800.0
189.09099	600072.75
197.0606	72262.67
197.09637	739914.44
198.06818	70014.914
199.0756	8579435.0
207.08057	191336.81
209.07121	240006.22
209.09644	308764.44
210.06767	207442.77
213.0914	83488.875
217.06207	72723.28
217.08623	3444270.2
225.09128	1944595.9
241.11017	53471.375
243.10251	177197.33
256.13358	1155868.2
274.14404	7306444.0

Name: (S)-N-Glycidylphthalimide
InChIKey: DUILGEYLVHGSEE-ZETCQYMHSA-N
SMILES: O=C1c2ccccc2C(=O)N1C[C@H]1CO1
RETENTIONTIME: 2.78
reference_rt: [0.349, 0.494, 1.331, 2.736]
Spectrum_type: MS2
PrecursorMZ: 204.06582737317467
Formula: C11H9NO3
ExactMass: 203.058243148
Precursor_type: [M+H]+
Ion_mode: P
Comment: Major_ms1intensity+1396331.9_ei_0.83
Spectrum_entropy: 1.9887002
Num peaks: 28
57.033825	12029.836
68.04973	1856.6376
77.03953	2485.4033
82.065346	3485.7644
84.08069	3361.6562
95.04945	9263.756
105.03339	13876.09
124.06812	2362.541
130.02907	114984.89
130.03996	11864.192
132.04524	2516.8982
133.02847	39132.723
142.07591	3300.9517
144.08134	2812.381
147.04369	3641.989
148.03943	77201.88
158.06075	2971.183
159.06891	4051.2676
160.03954	318137.6
160.0747	3695.985
161.04698	4142.543
162.0544	3445.241
170.05829	2222.4197
171.06715	2895.5215
172.07635	8712.779
174.05582	16023.106
186.05472	29834.28
204.06554	42646.64

Name: N-Caffeoyl O-methyltyramine
InChIKey: JRKPLTBLTYEYJJ-WEVVVXLNSA-N
SMILES: COc1ccc(CCNC(=O)/C=C/c2ccc(O)c(O)c2)cc1
RETENTIONTIME: 3.35
reference_rt: [3.295]
Spectrum_type: MS2
PrecursorMZ: 314.1388641249779
Formula: C18H19NO4
ExactMass: 313.131408088
Precursor_type: [M+H]+
Ion_mode: P
Comment: Major_ms1intensity+151364416.0_ei_1.0
Spectrum_entropy: 2.138171
Num peaks: 34
51.023556	148312.28
53.038982	955552.75
63.02339	218840.67
77.038704	107938.03
79.05436	6939280.5
88.12867	100926.02
89.03394	149267.47
89.038704	7729553.0
89.04506	236032.89
91.05444	620073.9
95.0493	1860393.0
99.11995	95368.22
103.0543	4889003.0
103.061844	187489.22
105.04499	539775.0
105.06173	190198.95
105.07004	11691816.0
105.07829	214531.19
107.0493	1443365.4
117.03357	5472678.5
119.04938	157161.81
120.05714	1820476.0
128.10435	120171.42
135.04431	8666749.0
135.05505	313224.47
135.0806	29678916.0
145.02866	6095102.0
145.03911	146049.75
152.10712	1472271.0
163.00647	543852.0
163.03914	55099270.0
163.0804	201013.19
164.04262	118079.39
314.13898	1016451.25

Name: N-Caffeoyl O-methyltyramine
InChIKey: JRKPLTBLTYEYJJ-WEVVVXLNSA-N
SMILES: COc1ccc(CCNC(=O)/C=C/c2ccc(O)c(O)c2)cc1
RETENTIONTIME: 3.24
reference_rt: [3.295]
Spectrum_type: MS2
PrecursorMZ: 314.1390381069271
Formula: C18H19NO4
ExactMass: 313.131408088
Precursor_type: [M+H]+
Ion_mode: P
Comment: isomer_ms1intensity+9064387.0_ei_0.99
Spectrum_entropy: 2.1442702
Num peaks: 31
53.039024	35530.535
67.00711	6144.63
77.03876	12689.462
79.05442	324817.3
79.05862	6131.066
89.03874	396182.78
91.05438	42674.684
91.07979	5355.543
92.06197	6037.4956
95.04923	105128.07
103.05446	234373.3
105.0446	22818.342
105.07009	524887.56
105.078156	10600.629
107.04925	77476.734
117.03367	275274.2
119.04913	11647.888
120.0572	91985.53
135.0324	13427.862
135.03471	11477.921
135.04427	435316.47
135.05486	18914.127
135.08066	1480484.8
136.08475	9363.014
145.02872	281513.44
145.04114	11037.133
152.10742	85049.86
163.00629	28889.414
163.03922	2671788.8
163.08101	10423.767
314.14023	63747.656

Name: N-Caffeoyl O-methyltyramine
InChIKey: JRKPLTBLTYEYJJ-WEVVVXLNSA-N
SMILES: COc1ccc(CCNC(=O)/C=C/c2ccc(O)c(O)c2)cc1
RETENTIONTIME: 3.35
reference_rt: [3.295]
Spectrum_type: MS2
PrecursorMZ: 336.12080914016906
Formula: C18H19NO4
ExactMass: 313.131408088
Precursor_type: [M+Na]+
Ion_mode: P
Comment: Major_ms1intensity+7224759.5_ei_0.11
Spectrum_entropy: 0.0
Num peaks: 3
120.08098	5459.9424
336.12057	192536.66
346.19687	5083.207

Name: HHQ
InChIKey: UYRHHBXYXSYGHA-UHFFFAOYSA-N
SMILES: CCCCCCCc1cc(=O)c2ccccc2[nH]1
RETENTIONTIME: 3.97
reference_rt: [3.904]
Spectrum_type: MS2
PrecursorMZ: 244.16988603739958
Formula: C16H21NO
ExactMass: 243.162314292
Precursor_type: [M+H]+
Ion_mode: P
Comment: Major_ms1intensity+1423947648.0_ei_0.98
Spectrum_entropy: 1.2908878
Num peaks: 20
61.039715	6524025.5
61.04368	5183808.5
68.0133	4247627.0
91.053856	745228.75
92.06226	1406972.6
120.04443	1635000.9
130.06543	14634301.0
143.02638	940670.0
146.06006	1585226.5
158.0607	7547199.0
159.06813	258515400.0
160.07565	6190195.5
172.07594	79885790.0
173.08395	8777681.0
174.09193	983082.0
177.04216	1840033.5
186.09143	3832935.2
244.1096	5623761.0
244.17003	698762900.0
244.24847	2946764.2

Name: Lirinidine
InChIKey: YXVXMURDCBMPRH-AWEZNQCLSA-N
SMILES: COc1cc2c3c(c1O)-c1ccccc1C[C@@H]3N(C)CC2
RETENTIONTIME: 2.62
reference_rt: [2.562]
Spectrum_type: MS2
PrecursorMZ: 282.1489984200982
Formula: C18H19NO2
ExactMass: 281.14157884800005
Precursor_type: [M+H]+
Ion_mode: P
Comment: Major_ms1intensity+407206272.0_ei_0.98
Spectrum_entropy: 2.1683495
Num peaks: 37
152.06248	376667.5
165.07005	6857049.0
166.078	617267.1
167.08565	393716.8
177.06969	1771698.4
178.07738	2779656.5
179.08604	5807454.0
180.09273	2592681.2
181.06543	306192.5
189.0702	7807138.0
190.07784	14742935.0
190.09674	530536.4
191.08565	44242588.0
192.09244	519103.84
193.06493	1042754.75
194.07312	1961067.0
195.08109	1992246.2
200.062	1138259.9
201.07018	3323816.0
202.0782	1106709.6
203.08607	971574.6
205.06488	1649609.2
205.10153	336519.1
207.08058	2889151.5
208.08871	6570414.0
217.06198	751824.5
218.07239	2763615.8
219.0807	59601628.0
221.09636	1337516.6
223.1122	1281649.1
229.07684	5147488.5
235.07683	321515.66
236.08347	9806207.0
251.10686	119620584.0
252.11176	414529.3
263.15613	284087.3
282.14923	11454314.0

Name: Lirinidine
InChIKey: YXVXMURDCBMPRH-AWEZNQCLSA-N
SMILES: COc1cc2c3c(c1O)-c1ccccc1C[C@@H]3N(C)CC2
RETENTIONTIME: 9.5
reference_rt: [2.562]
Spectrum_type: MS2
PrecursorMZ: 282.1491855198782
Formula: C18H19NO2
ExactMass: 281.14157884800005
Precursor_type: [M+H]+
Ion_mode: P
Comment: isomer_ms1intensity+411751.0_ei_0.96
Spectrum_entropy: 1.6532661
Num peaks: 14
62.98226	1963.0231
165.07034	5075.481
179.08641	3943.5012
189.07054	3834.6018
190.078	16032.465
191.08589	42693.504
201.07051	3034.0552
208.08882	3064.288
219.08073	52096.977
236.08316	10284.074
251.10689	107855.92
282.1484	12764.924
284.44687	2080.006
290.7686	2898.2117

Name: DL-Tyrosine
InChIKey: OUYCCCASQSFEME-UHFFFAOYSA-N
SMILES: NC(Cc1ccc(O)cc1)C(=O)O
RETENTIONTIME: 0.29
reference_rt: [0.348, 0.497]
Spectrum_type: MS2
PrecursorMZ: 182.08130702917884
Formula: C9H11NO3
ExactMass: 181.073893212
Precursor_type: [M+H]+
Ion_mode: P
Comment: Major_ms1intensity+1136891776.0_ei_0.99
Spectrum_entropy: 2.0741296
Num peaks: 31
53.03906	2495202.0
65.03869	2850189.5
77.038826	1780937.8
79.0545	397953.8
81.0699	794663.6
91.054375	130431416.0
91.06782	697805.94
91.07113	495787.72
93.07012	1284627.2
94.04139	363219.12
95.04928	55005804.0
103.05435	3969682.0
105.04498	2501283.2
107.04925	8309857.5
109.06499	3472346.0
118.0653	4307822.0
119.049324	84709180.0
119.07412	502340.8
121.06505	3217611.2
123.0442	99472936.0
123.066055	390308.28
123.070404	430862.16
136.04106	560668.6
136.05135	1967913.5
136.07591	219467120.0
137.05997	1364085.2
147.04424	35797030.0
158.085	333745.62
165.05484	90923176.0
182.08153	11617993.0
204.92819	467305.8

Name: DL-Tyrosine
InChIKey: OUYCCCASQSFEME-UHFFFAOYSA-N
SMILES: NC(Cc1ccc(O)cc1)C(=O)O
RETENTIONTIME: 0.43
reference_rt: [0.348, 0.497]
Spectrum_type: MS2
PrecursorMZ: 182.0813326221854
Formula: C9H11NO3
ExactMass: 181.073893212
Precursor_type: [M+H]+
Ion_mode: P
Comment: isomer_ms1intensity+237257824.0_ei_1.0
Spectrum_entropy: 2.0604522
Num peaks: 25
53.038834	197756.69
60.019066	115246.19
65.03897	207450.05
85.05596	121197.73
91.05436	15305599.0
91.0639	168893.2
95.04926	6959226.0
103.05419	549941.56
105.04509	168336.39
107.04921	820001.9
109.06492	270629.88
118.06533	707573.94
119.039474	194549.5
119.04932	9719943.0
121.064735	204070.78
123.03387	253232.33
123.04414	10765862.0
136.04286	134152.03
136.07591	25226024.0
137.05963	175001.47
147.04419	3707942.5
165.03879	237095.77
165.05487	10829446.0
165.07141	168710.11
182.08116	1392633.0

Name: DL-Tyrosine
InChIKey: OUYCCCASQSFEME-UHFFFAOYSA-N
SMILES: NC(Cc1ccc(O)cc1)C(=O)O
RETENTIONTIME: 0.28
reference_rt: [0.348, 0.497]
Spectrum_type: MS2
PrecursorMZ: 204.06325892423638
Formula: C9H11NO3
ExactMass: 181.073893212
Precursor_type: [M+Na]+
Ion_mode: P
Comment: Major_ms1intensity+4384845.5_ei_0.46
Spectrum_entropy: 1.0912819
Num peaks: 5
61.018406	2213.0737
70.01548	2452.457
180.98499	2955.9478
204.06313	35070.082
204.0783	2253.7947

Name: Viquidil hydrochloride
InChIKey: DKRSEIPLAZTSFD-LSDHHAIUSA-N
SMILES: C=C[C@H]1CNCC[C@H]1CCC(=O)c1ccnc2ccc(OC)cc12
RETENTIONTIME: 2.7
reference_rt: [2.65]
Spectrum_type: MS2
PrecursorMZ: 325.1912027625354
Formula: C20H24N2O2
ExactMass: 324.183778008
Precursor_type: [M+H]+
Ion_mode: P
Comment: Major_ms1intensity+128004296.0_ei_1.0
Spectrum_entropy: 3.8352056
Num peaks: 97
53.03895	98317.914
55.054478	330577.47
56.049747	107271.63
65.039024	90383.7
67.05425	456961.97
68.049706	265754.06
70.065125	158204.89
72.088455	75081.49
79.05435	550260.56
80.04946	750589.8
81.06972	139223.14
82.06536	817771.25
84.08075	425768.47
91.05415	438666.8
93.056984	112305.46
93.06983	404751.88
94.06503	178701.28
95.085594	341732.25
96.08082	435396.2
105.06985	128574.695
106.06535	144244.92
107.08572	97173.72
108.08098	763144.25
110.09654	4534712.5
115.055	103646.95
117.057236	772229.56
117.070625	111867.68
119.07236	89113.26
120.08029	91667.664
122.09632	349704.25
124.11245	103060.78
130.06442	350366.97
131.07259	346463.94
134.09624	790859.56
136.07587	424021.25
136.11278	586908.44
143.07312	307881.62
144.08093	166207.61
145.05255	578784.8
146.06024	305307.9
146.09622	150770.78
147.06831	152215.48
148.03886	297838.8
148.11174	113451.41
154.0651	441044.38
155.07344	181635.0
158.06032	1845691.5
159.06783	588447.44
160.07587	5611522.5
162.09167	2347421.2
166.12248	78872.695
167.07335	134300.94
170.0596	191173.56
171.068	387223.88
172.07596	1265562.8
173.08334	509347.56
174.0551	307466.34
174.09167	172683.31
176.03288	103750.15
176.07191	113336.54
182.06137	90453.95
183.06845	541616.4
184.07594	350717.75
186.05522	894602.56
186.07185	98510.016
186.09242	1166533.2
187.09988	150386.52
188.07007	308502.34
189.07916	532295.4
190.12271	285358.16
198.09117	353601.03
199.06332	138769.61
200.07068	478316.03
200.10672	284945.72
202.08649	2293560.2
210.09163	159314.5
212.106	90841.086
214.08618	920374.5
215.09485	174990.25
216.10248	416476.9
223.09715	84790.445
224.1066	161937.17
228.1027	108963.35
236.10692	420490.75
238.1222	141313.02
242.11963	106008.35
252.14012	119683.16
253.13345	83787.17
264.1381	308664.72
275.15543	113297.28
278.154	422450.1
281.16736	108952.06
282.14948	2446387.5
290.15332	141300.45
296.165	820165.7
307.181	4609298.0
325.1913	9693934.0

Name: Viquidil hydrochloride
InChIKey: DKRSEIPLAZTSFD-LSDHHAIUSA-N
SMILES: C=C[C@H]1CNCC[C@H]1CCC(=O)c1ccnc2ccc(OC)cc12
RETENTIONTIME: 9.51
reference_rt: [2.65]
Spectrum_type: MS2
PrecursorMZ: 325.19126433613405
Formula: C20H24N2O2
ExactMass: 324.183778008
Precursor_type: [M+H]+
Ion_mode: P
Comment: isomer_ms1intensity+1229338.1_ei_0.96
Spectrum_entropy: 3.4107668
Num peaks: 57
55.054638	2784.0164
67.05436	11183.548
79.05419	9544.962
80.0497	10356.006
81.07004	10731.809
82.06523	13022.648
84.0809	3423.8123
91.05428	3887.2886
93.06979	3672.834
95.08523	3560.063
105.05476	2495.1038
105.07016	2541.1196
108.08067	10522.614
110.09677	46006.598
117.05764	5212.55
122.09637	3670.8376
130.06512	2949.0105
131.07355	2474.4836
134.09636	9149.098
136.07549	3214.2468
136.11243	4856.8687
143.0735	2577.0051
145.05305	4601.7603
154.06618	4092.1797
158.06038	21638.781
159.06783	3311.714
160.07596	70079.49
162.09108	36231.223
167.07343	3669.1987
171.0685	4198.0186
172.0762	18205.75
174.0555	3974.659
176.03322	2579.2104
183.06837	3863.6274
184.07613	4519.6123
186.05502	5105.9326
186.09073	15438.388
187.09818	2714.5598
188.07062	3626.6602
189.07881	4775.743
190.1231	3452.306
198.09166	4025.3994
200.07048	4270.8906
202.08655	30153.994
210.09247	3186.778
214.0865	8833.35
215.09387	2855.7656
224.10893	2163.6028
236.10658	4191.1353
264.14078	3379.9888
278.15576	3501.0396
282.14984	29132.156
296.16452	5506.2163
307.18137	50583.242
325.14774	4229.272
325.19168	138962.05
325.2253	2880.6238

